26456079
17098782
16911577
20825562
21091748
17095868
26520166
21070887
26882979
26482827
21091730
17067625
20883511
19237259
16875747
26400725
20970282
21418243
16987379
17074642
16916521
21327490
17159074
17074011
17161798
21185676
20723080
17070606
26426718
21029125
26736094
27139063
16904772
26479956
16937388
17074650
27063640
26499985
21397961
22674953
26604120
17046331
26508584
19574263
16387374
21126603
21376838
19097726
26932564
26504453
17084469
17091323
26552553
19359055
21185951
21410727
17157704
17161795
26723506
21401655
17026725
26515831
21410725
17184687
26431396
26510461
26535533
17130585
17183028
26583840
26451794
20978729
26501938
26520167
16804296
21352349
17098120
17055594
16804295
17109200
26579823
17045679
21338714
17098777
17045667
21138448
19395092
21418245
21075583
21075583
16619211
21410729
22674961
26655223
17069839
27000590
17081211
17092582
26454540
26487625
20565691
27569577
17161794
16872697
20708713
20727098
26496347
20576389
16574260
17161517
17005590
26432583
20970289
21091733
26718228
17098112
16828901
21070881
21111064
16818454
20723089
20636318
26553715
16678923
20946291
17129990
22669994
20883518
17098118
21401653
17063452
21208771
21029131
17161800
26596979
26976919
26552513
26569360
21410726
21292422
27022040
20537419
20850253
17052773
21077913
21029130
21091747
21091731
17088467
17116775
17159067
17130350
26816027
27074085
21029124
21420747
20636317
20723088
17157705
21402169
26655541
17134771
21091734
17161797
21070883
16316697
17044907
26598230
16950330
21070263
21039643
21075581
20955340
21354331
17067630
16944159
16860604
26539965
21687101
20097437
26562535
17049639
20022196
17064791
26413030
26547050
26884622
17175417
26462902
26599751
16987383
21281316
26681197
17100683
26519249
17067343
27100441
21418244
26413024
17069908
26783279
16822567
17081206
16978248
26529083
16879630
26757615
26475879
19376599
27558131
26409676
17045682
19682824
17015495
17125857
26440583
21039642
21261666
20837162
26857469
20883516
17098783
20636320
20946301
20883512
21367468
20723091
16904769
21418252
17067698
17010365
21070884
21241825
16978245
26438771
26434454
17044807
17074651
20663076
21401654
17046086
26656339
17114884
17041119
20851553
21281315
26475648
17027838
17049645
16413073
21091732
20636309
17137659
21208239
21208235
20883508
17161793
17071159
21232978
21208238
26487623
21077914
17098780
26413019
16793149
27100604
16901560
26683613
27061225
26790626
16333840
26595794
17184688
17079033
17056139
21159461
17126428
17005591
26607406
16968523
17014685
21093610
26643741
17097169
26456546
21406319
21354637
20675094
17137658
21251025
27057898
16806539
20636319
16603266
26498717
26416837
26751760
21315842
26784121
26719390
