20435841
21282479
20923807
17099046
17473301
18619899
17476211
26951826
18272908
18252925
18842917
19808319
18838967
21586739
19592694
16908698
26666345
21687236
16364970
20378085
18827196
20051558
21278147
20647480
17322259
26301643
21687200
26301646
21555719
19463389
21875914
26716581
26811273
26260507
20129537
17483106
20650353
26474464
21138861
19761942
21778160
20129581
20736207
17041116
19079367
21875922
17947214
21464060
26209333
20494924
20436036
20150329
26590889
18301387
18521108
18591345
19687156
19224931
26599742
20018968
21488768
17442909
27468063
26398074
17093254
18046033
20023048
19761995
21478493
20729228
26216086
20435840
19955528
18322287
17914045
17043062
21772013
20723862
21606477
20947055
26599749
16804154
20736198
18420106
18628775
26579807
21772017
20538162
21558478
18443249
21727094
21687119
21821848
27145725
26163909
16569649
17170335
19909938
17029959
18471494
19190586
17592472
18826986
17041113
21586737
19398678
20156942
16984928
21464194
21135007
21586745
17597000
16911557
26476984
18534278
18033821
20042426
20097684
19319124
19808383
21670236
20494904
21300731
17105877
17372140
21406675
26162782
26569366
27022042
26609686
26289698
26447674
19487604
20551390
19011136
21185509
19380633
20421524
20625138
18838569
18427146
19124668
18711018
17339556
16923762
18195187
17261665
18725496
19451366
17404165
18725497
19581515
17404166
17522397
26535534
18799553
18463381
20130254
22738100
16760448
20164481
16847299
17485582
19843903
21540356
20197371
20633815
18511167
26386927
26681187
21444364
21478489
20801855
19604574
26512827
17105883
20538677
18544542
16908691
21292682
19962568
19003902
21622668
18187754
20028695
19652119
19648382
18378630
16932769
21482975
18791163
26590884
19349637
18559715
20736201
26397409
17240040
16880251
17483105
21282522
26216088
26314758
26356695
21555724
17625107
16731037
27045131
26512824
16455672
18385121
18460523
17823213
21730262
17311828
21628614
16807273
16556510
17389271
18689804
21273203
19463363
21856730
20716752
16844861
19351944
17010801
21282521
26493263
16973803
18838576
18212317
18820120
21245451
19337287
26451784
21586731
20223431
19168867
18926768
18068047
26301636
17180150
18094389
20513913
26266372
16966590
18446134
19147464
19808606
26438771
20413024
20385962
21245452
19574300
19770476
20231672
17609124
19773227
20937649
16246830
17041118
26581394
21687212
21687220
21606078
19605751
20980334
18390871
21687219
16908687
20083628
16829194
26716585
26416798
18670412
17257894
21292678
20557988
17303590
26667101
19638512
20117377
20863957
21810668
21846899
26527695
26334378
21687167
20937984
20558430
18515804
16613933
19996403
21687229
17170332
26492308
26247797
19454570
26310983
21687123
