24447757
25655469
25630542
26263419
24512155
26263419
23682722
24102990
25463366
25027270
25202824
23701730
26539961
25828107
24310933
25728324
25325374
24646094
24100484
26353810
21696552
25495773
24417221
25531744
21702890
25795208
25800540
24384183
24091084
24103007
24877491
21509495
25928632
24382679
25728923
26496722
26010221
25448219
24094805
24501279
25851321
25468125
24898609
24824494
23910148
24122581
24347658
25035159
26370006
24115482
25281628
24580935
25414482
24444480
24740639
25595571
23773545
27699849
25907534
24728306
24139408
25922269
25778624
25263774
24656300
24570563
21542108
25147075
23909981
24944328
25900458
25257307
23703782
24311374
25873832
25316472
24985112
24726353
25335496
23948020
24494861
25185677
24886594
24411822
25534562
25660236
21627669
24184251
21801314
24872474
21617954
24748533
26519685
26344937
23682752
25745881
24446716
24391336
21718456
27716711
25810372
27616284
24775969
24447051
24028525
25252539
26775289
26504441
26142765
25964282
24531183
23663513
25910533
26768185
23750755
25195933
24259342
24323436
23706465
25444217
23956225
24724986
25742831
25849700
23678225
23701739
25828338
23834756
26587102
24997187
25335555
24382539
25593524
24794055
26251315
25193222
24793996
24894929
24188609
26578181
25257952
21702886
25754175
24931316
23889489
25913866
24044550
24243825
24955054
21733910
25004248
24243141
27124165
25849703
24227807
23941525
23816083
24044657
23735185
24484812
25841860
25841126
24034044
25665969
25385246
21696553
25193228
24311361
25896599
24447432
24315922
23701826
24311457
26857432
27090051
26356695
24460541
21682846
25597856
25952227
23870104
27098067
24135833
25533813
26139755
25200845
26525157
24570536
26652538
25880315
25291968
25917992
23802944
24146123
25344786
21492410
26055999
23663418
23750667
23834727
24399618
23947956
25911146
24794058
24965779
24372822
23663401
26012591
24054493
25418608
24054493
24863803
24992883
25787793
25977110
23721082
25742858
26056958
25847413
23902593
25952213
24933300
21242010
26419627
23710652
25666982
26710725
24512405
26123876
23733969
26474467
24147626
25120399
25849699
21501390
25381681
23880150
23696586
23701710
25380126
26889873
25015952
26694269
25319880
24629166
24548249
21718455
24200661
24885923
24899592
25841191
24532311
23809294
26499050
23809256
24746544
27025216
24429691
25535179
24552461
25875944
26547805
24570533
26440230
23953779
24438356
23867911
25464206
25496227
24809416
26194906
25239180
23865720
24975776
24619505
26508697
26154441
24985071
21413130
24786766
25091721
24936003
25087803
23816084
25809503
24461962
23733790
24584210
24094829
26384637
24299065
24366592
24372879
24096328
24798781
25448148
24190047
24646027
26703172
25027099
