26851253
26371978
26808450
26432562
27462231
26844510
27051404
26375375
27363976
27190618
26442559
26415042
26886593
26303790
26437805
27403219
27239639
26231280
26544065
26202714
26698643
26483154
26277292
27154245
26515698
27057237
26397830
26478132
26289707
26714270
26797667
26238819
27275312
26956261
26460984
26107048
27676880
26932564
26512591
26283759
27174357
27354805
26175270
26833939
26405843
26189052
26371831
26169550
26696619
26320168
27653875
27028404
26306660
27595586
26402823
26458030
26831027
26303270
26341733
27028917
26376139
26303115
26679169
27057296
26722578
26447383
26882971
26409717
27514581
26706482
27241575
27642478
26701328
26493673
26510943
26841793
27597905
27701004
27012218
27704247
26778932
26179540
26598438
26481932
26459945
27113444
26298362
27699045
26647359
26241629
26942135
26152798
26892675
26482942
26246103
26233519
27671884
26723971
26476586
27354832
26949838
27114738
26368835
27025381
26604253
27539711
26664319
27752375
26647229
26585626
26652878
26242342
26647210
27677006
26429187
26250584
26831019
27113401
26599977
27738484
26846150
27557304
26306931
26852119
26768705
27033176
27113722
27484255
26320200
26672486
26671117
26770849
26445807
26763038
27049662
26176403
26789902
27242938
27478968
27176728
27215317
26299694
26179687
26724614
26404881
26502972
26763037
26234634
27240110
26242351
27482196
26209928
26404885
26350694
26202712
27041490
26190306
26703002
27545856
27678446
26951767
27131834
26723983
26280873
26447784
26655393
26559257
26797084
27242653
26329361
26674610
26775545
26585054
27193638
26279098
26875138
26304069
27040551
27158776
26443297
27122429
26304821
27313563
27154444
26294216
26867854
26797286
27348141
26164537
27520610
27544867
26677149
27282303
26745877
26705520
26546023
26271081
27331132
26803189
26169155
27747119
27036927
27060706
26349403
26504345
26344331
26626894
26246105
27698839
26366969
26464604
26763039
26188947
27672973
27672985
27672791
27673040
27673057
27673096
27672833
26698202
27425767
26929671
26729830
26732783
26202710
26664729
27275348
26482446
26232658
26725124
26167898
26763036
26765455
26847804
26375625
26421988
26846610
27423552
26404884
26299388
26518136
26654661
26462164
26971501
26368353
26604252
26885826
26787046
26324863
26709246
26889873
26419364
26466588
27288774
27051541
26733592
26203614
26980937
27105567
26720620
26941257
26292591
26718524
26375376
27686252
26214030
26856460
27122431
26213287
26242361
27619045
27403223
27126910
26374639
27236361
26755621
26150598
26431731
27333833
26956831
26488338
27015166
26678752
26763034
26810507
27523596
26521167
26691215
27433041
26231276
26355809
27168838
26228707
26226447
26283520
26569158
27344360
26693669
