25912406
26803351
26205457
27055714
26427535
26163904
26060119
25912402
25810112
27054106
25731842
25828117
26392459
26078372
25964280
25828125
25834100
25817134
26410607
26375375
26134700
26522535
26255213
25844881
26205456
25818529
25852215
27042610
26003028
25713317
27370010
27462059
25819822
26233639
26386759
26897276
26173057
26875900
25839634
25661561
25828328
25791096
25912403
25771231
26002777
26125145
25819890
27102232
26199311
25673331
25885872
25972382
26573628
26188253
25636635
26902529
26151712
26138623
25839626
25950726
26292606
26093643
26298368
26015467
26003027
26307058
26209822
25661560
25846666
27000621
26438685
25623123
25932805
26402823
25941267
25981574
26083209
26398074
26025469
26298228
26298228
25791151
26298362
26334384
25677436
26330339
26277550
25978608
25886850
26666882
27085032
25788343
26298349
25847982
25814024
27567006
25869005
25738889
25828138
26149429
27006836
26005167
26483092
25999117
25819893
26056348
26315752
27504205
26240267
26026927
25828321
26526336
25838222
25965604
26117469
26188831
26055761
26215109
25756573
25623129
26346942
26475258
26122067
25889407
25940969
26205458
25771235
26547469
25691703
25932799
25790767
26040807
27545489
26467002
26233901
25994749
26976919
26160400
26298384
26113624
26298227
26163906
26117460
27189663
26296045
26840152
26962906
27276580
26590737
26404210
27387864
25838226
26151708
26117467
26209826
25863294
26188821
25691706
26715567
26358477
25782050
26343022
26315749
26315753
25818756
25846662
25920019
26149332
25756578
25700762
26694602
27418982
26156844
26210805
25802259
26257964
25936494
25885752
26287866
26149430
26857432
25828297
26871806
26646509
25779546
25918059
25742826
26073400
26681197
26356695
26301675
25952227
25819179
26301639
25703870
26142975
26347241
26118449
25936879
26040803
25616234
26315745
25863304
25911146
25965609
25661559
26095937
26976917
25912401
27471062
26386767
27046368
26052986
27500132
26160396
25952213
25986450
26385102
25952243
25756563
25819181
26292592
25666982
26301669
26146199
26048320
25791095
25605830
25974863
26003023
27145744
26298365
26493261
26207608
25978609
27504177
26493262
25926561
26508119
26354786
25616826
26093528
25999118
26332884
26576303
26566773
25965625
27437285
26280655
26276852
26498696
25771233
26757256
26391298
25882642
26000465
26215969
25725027
25965606
25912404
26945488
26925778
25953676
26512037
25912105
25828342
26518383
25731836
26866012
25962559
25828337
26247794
25921863
25984705
26298367
26040809
25586120
26522343
25913474
25965589
25596786
26141382
25918057
26996774
25825398
26040810
25783948
26162990
26347942
26524212
25889443
25736253
26111669
25834101
25979914
26499383
26751760
26361161
25596788
26491572
