26610711
26205457
26069327
26269283
26447194
26353810
26897201
26046883
26141396
26578652
26260501
26277438
26046908
26618256
25984897
26301658
26522574
25997036
26434438
26476607
26010221
25990347
26142976
26434439
26005175
26884625
26694279
26003027
26897202
26256997
25952246
26459080
26522537
26782665
27055716
26604053
26012486
26604121
26386935
26580353
26228701
26537904
27000578
26197408
26163905
26160002
26403965
26666741
26588981
27000576
26354667
26046880
26440255
26298228
25952942
26334384
26234852
26354638
26657606
26604059
26897232
26151706
26355689
26434444
26356137
26003021
26046879
25953030
26694280
26337338
26199310
25952214
27028438
26152222
27000613
26777932
26777926
26163914
26775289
25953969
26068290
26255214
26209216
26585626
26095935
26433425
26434441
25940969
26440745
26271199
26354633
26777936
26183194
26100974
26156148
25999116
26301652
26315750
26585629
26003032
26315746
25991031
26685078
26048273
26021815
26208503
26086509
26197820
26186627
26142201
26099191
26485564
27002085
26005174
26627993
26125690
26530105
26522579
26760104
26011685
26355692
26313862
26579652
26197371
27193508
26409921
26501696
25935882
26750688
26175644
26315749
26247795
27553890
26484456
26010415
26257394
26342846
26386922
26655547
26298382
26275515
26481847
26659816
27002086
26310981
26355690
26093525
25952210
26525578
26162696
26175655
26025860
26858293
26188197
26452463
26453276
26602262
26046878
26151709
25974756
26056126
26197369
26059876
26119404
26897235
26169650
26897203
26718523
26275519
26772811
25964283
25946455
26772603
26492306
26048318
26363551
26750695
26131825
26268615
26602228
25965609
27067088
26301671
26195227
26434481
26117459
25952248
26228898
25946449
26011752
26003030
26971643
26959728
26897205
26206214
26086510
26670309
26542931
26038483
27000579
26056967
26150006
26223448
26475646
26777928
26123876
26032663
26514545
26104962
26897200
26897199
26239702
27184689
26434440
26384631
26482485
26998878
26434447
26218182
26420288
26654723
26188830
26184852
26263009
26292591
27576330
26389694
26070636
26762474
26058777
26111813
26071830
26573414
26201724
26484454
26652571
27025216
26694305
25963438
26346229
27000610
27000581
26288329
26587730
26283605
26404209
26633934
26822426
26579653
26700011
26240266
26188215
26515878
26496880
26298225
26180097
25953457
27514789
26048270
26522576
26347492
26076999
26315748
26580345
26425919
26319966
27029503
26694273
26945801
26003029
26003151
26440901
26397411
26197370
25946451
26832960
26892424
27528537
26399261
26718526
26017805
26440249
26140803
26897207
26117468
26354653
26515767
26175647
27025338
26440254
25969496
26518517
25940419
26474898
26298224
26897197
26292607
26215987
26440250
27015924
